355100
355101
355102
355103
355104
355105
355106
355107
355108
355109
355110
355111
355112
355113
355117
355118
355119
355120
355121
355122
355123
355124
355127
355128
355129
355130
355133
355134
355135
355203
355204
355205
355206
355207
355208
355374
355375
355376
355379
355380
355381
355382
355383
355404
355405
355406
355407
355411
355414
355415
355417
355418
355419
355429
355435
355437
355438
355439
355441
355442
355443
355444
355445
355454
355455
355456
355457
355463
355558
355559
355679
355680
355768
355769
355862
355863
355865
355870
355871
355872
355892
355912
355913
355921
355933
355942
355988
355989
355990
355991
355992
355993
355994
355995
355996
355997
355998
355999
356001
356002
356003
356004
356005
356043
356046
356047
356048
356071
356073
356074
356075
356076
356077
356135
356162
356163
356164
356165
356170
356174
356175
356309
356316
356321
356322
356323
356371
356375
356377
356378
356381
356383
356384
356385
356386
356426
356427
356428
356431
356432
356433
356434
356435
356436
356446
356466
356467
356468
356469
356470
356471
356472
356473
356474
356475
356476
356478
356481
356488
356489
356523
356524
356525
356526
356527
356528
356529
356530
356531
356563
356568
356569
356570
356576
356577
356578
356580
356581
356582
356613
356614
356615
356619
356709
356719
356720
356721
356722
356788
356789
356810
356811
356812
356813
356814
356815
356824
356825
356902
356906
356908
356919
356937
356943
356944
356945
356946
356947
356948
356949
356950
356951
356954
356955
356956
356968
356969
356970
356997
356998
356999
357000
357001
357059
357070
357076
357077
357078
357079
357080
357081
357096
357098
357100
357101
357102
357103
357104
357105
357106
357110
357112
357268
357269
357270
357271
357328
357329
357330
357331
357332
357333
357401
357406
357438
357440
357441
357442
357447
357472
357478
357479
357482
357538
357539
357540
357542
357550
357610
357611
357612
357613
357687
357688
357696
357697
357698
357699
357700
357701
357704
357705
357706
357720
357732
357733
357734
357735
357754
357756
357757
357758
357759
357766
357767
357769
357770
357771
357776
357777
357778
357779
357780
357781
357802
357803
357804
357805
357806
357807
357808
357809
357812
357813
357814
357815
357885
357886
357887
357888
357889
357890
357891
357892
357893
357894
357895
357896
357897
357898
357899
357900
359356
359568
359569
359571
359575
359595
359597
359602
359609
359612
359661
359685
359686
359691
359693
359694
359699
359717
359718
359750
359751
359762
359763
359764
359776
359806
359808
359809
359810
359812
359813
359814
359868
359869
359870
359871
359887
359899
359901
359903
359904
359905
359998
360017
360018
360019
360075
360088
360090
360116
360121
360122
360123
360124
360125
360126
360127
360128
360129
360130
360131
360141
360224
360225
360295
360296
360327
360390
360391
360392
360393
360400
360413
360428
360430
360432
360433
360435
360437
360438
360439
360440
360441
360442
360458
360459
360460
360486
360490
360491
360737
360761
360794
360795
360796
360797
360819
360820
360821
360825
360826
360856
360874
360876
360887
360888
360889
360890
360892
360893
360894
360895
360919
360920
360921
360927
360940
360941
360942
360945
360946
360948
360950
360951
360991
360992
361020
361032
361044
361045
361050
361052
361053
361054
361059
361083
361091
361105
361106
361107
361108
361110
361188
361193
361195
361197
361198
361223
361239
361240
361271
361272
361280
361283
361284
361297
361303
361318
361319
361320
361333
361361
361362
361363
361364
361365
361366
361400
361417
361443
361468
361475
361512
361569
361573
361579
361580
361948
361954
361956
361957
361971
361989
361990
361992
361993
361994
362009
362058
362059
362060
362061
362062
362063
362064
362085
362087
362091
362104
