366442
366449
366450
366451
366469
366471
366494
366497
366498
366499
366500
366504
366533
366727
366729
366801
366802
366804
366820
366821
366829
366832
366833
366838
366839
366840
366841
366850
366873
366874
366876
366891
366895
366933
367062
367063
367064
367065
367070
367071
367072
367079
367095
367100
367102
367103
367104
367111
367112
367127
367128
367129
367130
367131
367133
367134
367228
367229
367230
367231
367232
367234
367260
367262
367263
367264
367267
367269
367270
367271
367312
367314
367315
367334
367336
367337
367355
367406
367413
367415
367416
367475
367477
367515
367516
367552
367553
367554
367615
367618
367619
367661
367662
367663
367665
367666
367691
367692
367693
367694
367696
367697
367699
367730
367742
367758
367770
367771
367772
367790
367831
367836
367838
367840
367881
367883
367884
367902
367904
367905
367906
367907
367908
367910
368223
368224
368229
368318
368320
368321
368331
368332
368333
368334
368336
368337
368338
368339
368340
368341
368382
368383
368384
368388
368389
368400
368410
368411
368412
368423
368437
368440
368443
368451
368452
368453
368454
368489
368542
368546
368547
368548
368566
368567
368609
368611
368612
368613
368636
368669
368670
368672
368673
368674
368675
368676
368678
368684
368685
368723
368724
368746
368749
368753
368762
368763
368764
368765
368822
368823
