357106
357110
357112
357268
357269
357270
357271
357328
357329
357330
357331
357332
357333
357401
357406
357438
357440
357441
357442
357447
357472
357478
357479
357482
357538
357539
357540
357542
357550
357610
357611
357612
357613
357687
357688
357696
357697
357698
357699
357700
357701
357704
357705
357706
357720
357732
357733
357734
357735
357754
357756
357757
357758
357759
357766
357767
357769
357770
357771
357776
357777
357778
357779
357780
357781
357802
357803
357804
357805
357806
357807
357808
357809
357812
357813
357814
357815
357885
357886
357887
357888
357889
357890
357891
357892
357893
357894
357895
357896
357897
357898
357899
357900
359356
359568
359569
359571
359575
359595
359597
359602
359609
359612
359661
359685
359686
359691
359693
359694
359699
359717
359718
359750
359751
359762
359763
359764
359776
359806
359808
359809
359810
359812
359813
359814
359868
359869
359870
359871
359887
359899
359901
359903
359904
359905
359998
360017
360018
360019
360075
360088
360090
360116
360121
360122
360123
360124
360125
360126
360127
360128
360129
360130
360131
360141
360224
360225
360295
360296
360327
360390
360391
360392
360393
360400
360413
360428
360430
360432
360433
360435
360437
360438
360439
360440
360441
360442
360458
360459
360460
360486
360490
360491
360737
360761
360794
360795
360796
360797
360819
360820
360821
360825
360826
360856
360874
360876
360887
360888
360889
360890
360892
360893
360894
360895
360919
360920
360921
360927
360940
360941
360942
360945
360946
360948
360950
360951
360991
360992
361020
361032
361044
361045
361050
361052
361053
361054
361059
361083
361091
361105
361106
361107
361108
361110
361188
361193
361195
361197
361198
361223
361239
